       0/9     1.62G    0.1301   0.06148         0    0.1916        39       416         0         0 0.0004386 4.386e-05    0.1279   0.07774         0
       1/9      1.7G    0.1257   0.08569         0    0.2114        47       416         0         0 0.0004513 4.513e-05    0.1277   0.07795         0
       2/9      1.7G    0.1266   0.08754         0    0.2142        56       416         0         0  0.001117 0.0001117    0.1276     0.078         0
       3/9      1.7G    0.1282   0.07253         0    0.2007        44       416         0         0  0.001862 0.0001862    0.1274   0.07822         0
       4/9      1.7G    0.1237   0.07185         0    0.1955        33       416         0         0  0.001735 0.0002169    0.1272   0.07856         0
       5/9      1.7G    0.1322   0.05365         0    0.1859        34       416         0         0  0.001589 0.0002383     0.127   0.07897         0
       6/9      1.7G    0.1295   0.06416         0    0.1937        36       416         0         0  0.001351 0.0002359    0.1268   0.07931         0
       7/9      1.7G    0.1272    0.0778         0     0.205        46       416         0         0  0.001192 0.0002078    0.1265   0.07981         0
       8/9      1.7G    0.1268   0.07466         0    0.2015        44       416         0         0  0.001139 0.0001986    0.1264   0.08009         0
       9/9      1.7G    0.1257   0.05703         0    0.1827        25       416         0         0   0.00113 0.0001968    0.1262   0.08048         0
